12694	15629
12721	30971
12742	29181
12768	15063
12768	19486
12768	19486
12797	15723
12798	22043
12799	12868
12808	12871
12823	14195
12828	13251
12828	14195
12849	19421
12849	26624
12871	22589
12871	23236
12871	25180
12871	26297
12871	29719
12871	31049
12871	33163
12935	19407
12935	24679
12953	15798
12961	19317
12971	29006
12997	32790
13010	31074
13025	21441
13062	28491
13082	22999
13091	18388
13113	14162
13118	20146
13131	31457
13142	16769
13200	20698
13204	22884
13238	15395
13257	30678
13268	17710
13282	20673
13342	30678
13370	19675
13391	22037
13391	33229
13434	17127
13436	31457
13465	19350
13480	30630
13556	15533
13565	21760
13569	19149
13586	14898
13599	15403
13633	21031
13684	16433
13717	14977
13755	15699
13801	20401
13807	30278
13831	18920
13834	17420
13843	13943
13850	15477
13859	17073
13867	31940
13898	27859
13904	26656
13904	29940
13917	22824
13934	13943
13934	13943
13934	17014
13936	15723
13942	30727
13943	13946
13943	13946
13943	14725
13943	16874
13946	27747
13946	28484
13954	14324
13964	14379
13964	14379
13964	16915
13969	18836
14024	18194
14039	16910
14042	17328
14042	17328
14042	17810
14075	14087
14075	14087
14075	19324
14075	22345
14075	22345
14075	23367
14075	24272
14075	29575
14080	24527
14083	14500
14083	21738
14083	33593
14087	17226
14087	22345
14087	22345
14087	30833
14091	16813
14091	16813
14091	18200
14091	18262
14091	19517
14091	19517
14091	20720
14091	29718
14093	30673
14096	27967
14122	16300
14142	17090
14147	21559
14147	25300
14152	21886
14162	19989
14174	20429
14174	27693
14184	16300
14195	15374
14195	15533
14195	15533
14195	20521
14195	20521
14195	21177
14195	34077
14206	14815
14206	15330
14206	16547
14206	26324
14206	27089
14206	31231
14206	33011
14206	33051
14206	33226
14206	33308
14222	26138
14263	33274
14267	16853
14275	15749
14276	20285
14306	15558
14324	29368
14334	28487
14336	21760
14343	17876
14361	16422
14361	22104
14379	16921
14379	16967
14379	18666
14379	18666
14379	20094
14379	20094
14407	18605
14418	20094
14426	20362
14426	23659
14426	24851
14450	18091
14452	21191
14482	19979
14482	33539
14530	30544
14531	15577
14549	15629
14557	19938
14557	33597
14565	31196
14566	15203
14566	18678
14570	14981
14584	25945
14584	26583
14594	17749
14600	15560
14608	15869
14614	17876
14617	20891
14685	26615
14773	18143
14842	19355
14842	19355
14842	28757
14861	32443
14887	18329
14887	21599
14898	24336
14898	24372
14898	33067
14917	15629
14942	30903
14943	28263
14949	15386
14949	15423
14949	18852
14949	23741
14949	24203
14949	29022
14966	31407
14977	21061
15001	20465
15005	30514
15017	17328
15053	27636
15055	20023
15055	21078
15055	21684
15055	31443
15075	18354
15087	32513
15093	18448
15093	18747
15093	19153
15093	26789
15093	30567
15094	24344
15094	33584
15132	24584
15137	18588
15197	27031
15197	28473
15197	30972
15222	15296
15224	22421
15224	22656
15246	20603
15260	18388
15265	18265
15284	15332
15296	16054
15300	16569
15312	29404
15332	29746
15350	15498
15350	18447
15352	17680
15374	21783
15374	22600
15374	27302
15432	28046
15436	29243
15465	22443
15465	23844
15465	25377
15465	28646
15481	23499
15500	21105
15500	22185
15500	28743
15500	29000
15533	17518
15533	18478
15533	19946
15533	26215
15533	26215
15558	23962
15558	27070
15580	22938
15603	24801
15610	16813
15610	16813
15610	25528
15610	25907
15629	19266
15629	22061
15629	24620
15629	31099
15632	17558
15642	18042
15657	18963
15657	33628
15665	17509
15691	27527
15699	19823
15699	27040
15721	27587
15723	20125
15723	21201
15723	21676
15723	21679
15723	21887
15723	27653
15742	22686
15749	25573
15750	24046
15753	23133
15753	24543
15753	24984
15753	32106
15753	32667
15758	21099
15758	27492
15758	28359
15798	25500
15809	24567
15822	24939
15832	30653
15866	17974
15868	17943
15872	19509
15889	19516
15910	21760
15926	23892
15936	30514
15955	19516
15965	20580
15974	21926
15980	17588
16022	18504
16031	27224
16031	28741
16042	30863
16139	22547
16146	29077
16147	23678
16194	25955
16247	17820
16255	18091
16262	19966
16364	17749
16366	24050
16376	17773
16397	17624
16413	30142
16413	30339
16416	31035
16433	28184
16457	21603
16490	18674
16490	19222
16515	30971
16532	18388
16560	31623
16570	19576
16612	17350
16662	27470
16668	16882
16744	20394
16744	22617
16753	32411
16813	16816
16813	16816
16813	19509
16813	19509
16813	19517
16813	19517
16813	25345
16816	19517
16816	19517
16816	23230
16816	25344
16827	25963
16827	26550
16850	26434
16864	20182
16882	17067
16888	23583
16894	30678
16902	26079
16932	22768
16942	24370
16958	17727
16967	18148
16988	17107
16992	18731
16998	22698
17036	22006
17039	30508
17147	17350
17205	31407
17223	23365
17223	26616
17230	28441
17250	19317
17306	20146
17315	18782
17328	21122
17350	17761
17355	33621
17380	30741
17450	20146
17453	31185
17457	33274
17462	33291
17504	17980
17518	26215
17524	30542
17537	32443
17553	26862
17558	17960
17558	26244
17586	22159
17586	27400
17603	26344
17607	21017
17607	25995
17624	19630
17624	32716
17624	33454
17677	18437
17677	25955
17677	25955
17680	18751
17680	23714
17680	29734
17701	30575
17710	33357
17739	18042
17773	28899
17779	28651
17793	24925
17793	29624
17806	23880
17851	18115
17862	32372
17916	26215
17930	21948
17943	21851
17943	24262
17943	24262
17974	31321
17991	20710
17991	29472
18030	30678
18032	33467
18033	28315
18037	21859
18040	19235
18047	28721
18091	18476
18091	19741
18116	29474
18123	19486
18154	19910
18155	25276
18155	33857
18164	30560
18179	24584
18189	30514
18302	29529
18312	34127
18353	19317
18403	31457
18405	30389
18414	20907
18449	30517
18470	18588
18549	21696
18561	28945
18561	32606
18582	31177
18586	33225
18641	18666
18652	25774
18654	24094
18654	30647
18654	32924
18657	19317
18663	19350
18669	31779
18702	32369
18737	21031
18763	32443
18787	21111
18857	31017
18890	20891
18915	31779
18922	32826
18970	31013
19031	34000
19049	19516
19067	28679
19067	30566
19067	32654
19070	19350
19073	30514
19247	22768
19252	21224
19252	26658
19252	31310
19258	23708
19261	30630
19280	21309
19317	20521
19317	24180
19317	24880
19321	21948
19350	23733
19350	24764
19350	25265
19350	28117
19350	32183
19355	23616
19367	32988
19368	20800
19378	19675
19378	19675
19378	21076
19382	30678
19411	20819
19416	20693
19416	24398
19416	24881
19416	26680
19416	29215
19448	33436
19486	25808
19486	31465
19486	33102
19486	34005
19486	34058
19487	28703
19503	30514
19508	30514
19509	24343
19509	29421
19509	30202
19509	32585
19516	32202
19516	33130
19516	33134
19517	23777
19535	34073
19551	20109
19553	30514
19577	29991
19684	33274
19689	27064
19690	30806
19759	28243
19759	29180
19759	33621
19759	33621
19829	24171
19891	30514
19899	31058
19907	25232
19910	21950
19910	25342
19910	31480
19910	32066
19924	27542
19928	25819
19937	30514
19959	30514
19969	33187
19992	21073
20055	30517
20122	30035
20189	24702
20271	31159
20344	30971
20350	32892
20388	24572
20401	33913
20410	24539
20435	23961
20435	27146
20435	29985
20439	31506
20509	28943
20521	28079
20521	34000
20548	25660
20548	33129
20552	31031
20580	32486
20588	21111
20589	21113
20664	32599
20664	33250
20680	30630
20730	31598
20750	22613
20786	23974
20794	29437
20800	29866
20819	23313
20822	20932
20862	27732
20891	22785
20891	27218
20914	27707
20948	24108
20948	24900
20964	29991
21031	25122
21031	32025
21036	32520
21224	30233
21334	28673
21338	30833
21349	24484
21357	30833
21441	30253
21545	30389
21760	30217
21760	30509
21760	31395
21761	23538
21761	29217
21859	29599
21893	25558
21893	29448
21909	27782
21916	24196
21916	26983
21950	28667
21967	32924
21974	23582
22055	33275
22157	31407
22198	27881
22222	32337
22308	30806
22322	23511
22345	32999
22345	33003
22394	25300
22417	32337
22578	32316
22615	26795
22615	28132
22667	25375
22794	24262
22837	27729
22838	33275
22873	27542
22940	23018
22969	25176
22996	23273
22999	32826
23018	25934
23032	23519
23090	24486
23107	30326
23153	30514
23160	30508
23184	24584
23196	31779
23264	30514
23272	26981
23358	29783
23400	33652
23422	30630
23484	26126
23549	23974
23809	28819
23819	30727
23921	32443
24120	27835
24127	30002
24348	32337
24472	25176
24561	27542
24562	30678
24584	25320
24584	28377
24589	27542
24628	31471
24686	27542
24768	27012
24953	34129
24983	33609
25043	27547
25112	29844
25178	28812
25178	29554
25220	26898
25246	30678
25327	30286
25345	27528
25450	32732
25685	28237
25712	29991
25828	30727
25955	32630
26219	32369
26225	28210
26387	30630
26452	30002
26532	26778
26560	33035
26585	30388
26590	32173
26643	28410
26653	30286
26719	30806
26741	32857
26824	30514
26831	26981
26981	30303
26981	30663
27451	30560
27494	28315
27518	30761
27585	30185
27724	27850
27868	31779
27880	28878
27896	28878
28046	32408
28053	30734
28076	30958
28237	31500
28280	30761
28370	29941
28436	34038
28487	30994
28502	31457
28532	30958
28583	32826
28670	30578
28673	32466
28749	30229
28789	30678
28799	30958
28869	30011
28881	30939
28919	29374
28965	30504
28984	31817
29115	29991
29118	32369
29130	31457
29154	30678
29163	30286
29166	30403
29257	30717
29397	30229
29671	30403
29778	30508
29859	29986
29932	30680
29974	32173
29988	32904
29988	33075
30011	33941
30047	30508
30089	33187
30171	31035
30185	32201
30210	34000
30229	31502
30514	32352
30514	33315
30514	33739
30544	33662
30595	32153
30678	33993
30678	34137
30823	31035
30833	31425
30851	32790
30955	33275
31012	33192
31017	33248
31035	32161
31058	34070
31190	32383
31439	31809
31439	31813
31457	32182
31568	32204
31650	31689
31771	32669
31785	33112
32369	32374
32369	32986
33274	33436
33274	33761
33467	33879
